n1;5;
n2;4;
n3;0;
n4;4;
n5;4;
n6;0;
n7;0;
st;10,2000,1000,3000,11,
as;-2.14748e+09,-2.14748e+09,0,-2.14748e+09,-6.90776,-2.14748e+09,-3.26198,-0.0390656,-2.14748e+09,-6.90776,-2.14748e+09,-6.39553,-0.00331778,-6.41106,-6.90776,-2.14748e+09,-2.14748e+09,-0.0398725,-3.24194,-6.90776,-2.14748e+09,-2.14748e+09,-2.14748e+09,-2.14748e+09,-2.14748e+09,
q0x;-1.38384,-1.40045,-1.38213,-1.37889,
q0y;-1.38314,-1.40114,-1.38286,-1.37819,
p0;-1.38353,-13.6725,-10.7344,-12.6062,-12.7235,-1.40086,-13.7595,-10.8641,-10.8641,-13.6607,-1.38267,-12.6784,-12.4866,-10.7225,-13.8549,-1.37866,
q1x;-1.19866,-1.51925,-1.59271,-1.28681,-1.27304,-1.49032,-1.24522,-1.5758,-1.46075,-1.15478,-1.47095,-1.50013,-1.66188,-1.48713,-1.25954,-1.20259,
q1y;-1.20037,-1.51809,-1.59227,-1.28618,-1.27222,-1.49387,-1.24379,-1.57503,-1.45731,-1.15667,-1.47486,-1.49701,-1.66014,-1.48597,-1.25989,-1.20424,
p1;-1.19967,-16.717,-16.0239,-16.717,-3.90197,-4.59512,-4.59512,-4.59512,-7.37588,-7.37588,-7.37588,-7.37588,-5.54518,-5.54518,-5.54518,-5.54518,-16.0239,-1.51927,-13.539,-10.696,-4.59512,-3.90197,-4.59512,-4.59512,-7.37588,-0.585785,-7.37588,-7.37588,-5.54518,-1.13846,-5.54518,-5.54518,-16.717,-13.0535,-1.5925,-12.0726,-4.59512,-4.59512,-1.12938,-4.59512,-7.37588,-7.37588,-7.37588,-7.37588,-5.54518,-5.54518,-0.470004,-5.54518,-16.717,-10.1419,-12.7467,-1.28611,-4.59512,-4.59512,-4.59512,-0.663294,-7.37588,-7.37588,-7.37588,-0.83341,-5.54518,-5.54518,-5.54518,-5.54518,-4.03866,-5.42495,-5.42495,-5.42495,-1.27181,-16.6988,-9.73559,-11.5989,-0.825075,-4.48864,-4.48864,-4.48864,-0.961082,-7.24708,-7.24708,-7.24708,-5.42495,-3.81551,-5.42495,-5.42495,-15.6002,-1.4941,-16.6988,-16.0056,-4.48864,-4.48864,-4.48864,-4.48864,-7.24708,-5.86079,-7.24708,-7.24708,-5.42495,-5.42495,-0.742819,-5.42495,-9.97856,-16.6988,-1.24389,-11.8785,-4.48864,-4.48864,-3.79549,-4.48864,-7.24708,-7.24708,-0.501844,-7.24708,-5.42495,-5.42495,-5.42495,-0.839983,-11.457,-16.0056,-13.8084,-1.57585,-4.48864,-4.48864,-4.48864,-0.933288,-7.24708,-7.24708,-7.24708,-7.24708,-7.24779,-7.24779,-7.24779,-7.24779,-1.11923,-4.58497,-4.58497,-4.58497,-1.45859,-12.8664,-16.7165,-12.3345,-0.914227,-5.48894,-5.48894,-5.48894,-7.24779,-0.366381,-7.24779,-7.24779,-4.58497,-3.89182,-4.58497,-4.58497,-11.9044,-1.15492,-16.7165,-9.83924,-5.48894,-0.61374,-5.48894,-5.48894,-7.24779,-7.24779,-5.30188,-7.24779,-4.58497,-4.58497,-2.79321,-4.58497,-16.7165,-16.7165,-1.47478,-16.7165,-5.48894,-5.48894,-5.48894,-5.48894,-7.24779,-7.24779,-7.24779,-1.2292,-4.58497,-4.58497,-4.58497,-0.756326,-12.2739,-9.92982,-16.7165,-1.49877,-5.48894,-5.48894,-5.48894,-5.48894,-5.66643,-5.66643,-5.66643,-5.66643,-1.14028,-7.38833,-7.38833,-7.38833,-1.16074,-4.41884,-4.41884,-4.41884,-1.66144,-13.1386,-10.4568,-16.7221,-5.66643,-1.23561,-5.66643,-5.66643,-7.38833,-7.38833,-7.38833,-7.38833,-4.41884,-0.65764,-4.41884,-4.41884,-12.2913,-1.48714,-12.8303,-16.7221,-5.66643,-5.66643,-0.414153,-5.66643,-7.38833,-7.38833,-0.400838,-7.38833,-4.41884,-4.41884,-4.41884,-4.41884,-10.4013,-13.0586,-1.25887,-16.7221,-5.66643,-5.66643,-5.66643,-5.66643,-7.38833,-7.38833,-7.38833,-6.00203,-4.41884,-4.41884,-4.41884,-4.41884,-16.7221,-16.029,-16.7221,-1.20374,
