n1;5;
n2;4;
n3;0;
n4;4;
n5;4;
n6;1;
n7;0;
st;10,2002,1002,3002,11,
as;-2.14748e+09,-2.14748e+09,0,-2.14748e+09,-6.90776,-2.14748e+09,-3.25022,-0.0395373,-2.14748e+09,-6.90776,-2.14748e+09,-6.39571,-0.00331801,-6.41074,-6.90776,-2.14748e+09,-2.14748e+09,-0.0398503,-3.24248,-6.90776,-2.14748e+09,-2.14748e+09,-2.14748e+09,-2.14748e+09,-2.14748e+09,
q0x;-1.38384,-1.40045,-1.38213,-1.37889,
q0y;-1.38314,-1.40114,-1.38286,-1.37819,
p0;-1.38355,-13.6966,-10.7344,-12.594,-12.7706,-1.4009,-13.7993,-10.8685,-10.8692,-13.7993,-1.38266,-12.6353,-12.4579,-10.7237,-13.8267,-1.37861,
q1x;-1.19982,-1.51891,-1.59215,-1.28621,-1.27254,-1.49091,-1.24565,-1.57523,-1.46017,-1.15522,-1.47149,-1.49954,-1.66073,-1.48706,-1.25947,-1.20344,
q1y;-1.20028,-1.51805,-1.59249,-1.28616,-1.27162,-1.49446,-1.24493,-1.57363,-1.45676,-1.15781,-1.47488,-1.49597,-1.65936,-1.48624,-1.26114,-1.20335,
p1;-1.20084,-16.7169,-16.7169,-16.7169,-4.57471,-4.57471,-4.57471,-4.57471,-7.37651,-7.37651,-7.37651,-7.37651,-4.45435,-5.55296,-5.55296,-5.55296,-16.7169,-1.51889,-13.498,-10.6983,-4.57471,-4.57471,-4.57471,-4.57471,-7.37651,-0.586411,-7.37651,-7.37651,-5.55296,-1.13412,-5.55296,-5.55296,-16.7169,-13.1059,-1.59207,-12.044,-4.57471,-4.57471,-1.10898,-4.57471,-7.37651,-7.37651,-7.37651,-7.37651,-5.55296,-5.55296,-0.484055,-5.55296,-16.7169,-10.1376,-12.7466,-1.28545,-4.57471,-4.57471,-4.57471,-0.642885,-7.37651,-7.37651,-7.37651,-0.832596,-5.55296,-5.55296,-5.55296,-5.55296,-5.39816,-5.39816,-5.39816,-5.39816,-1.27072,-16.6998,-9.73758,-11.6,-0.843429,-4.45435,-4.45435,-4.45435,-0.956084,-7.24208,-7.24208,-7.24208,-5.39816,-4.70502,-5.39816,-5.39816,-16.6998,-1.49533,-16.6998,-16.0067,-4.45435,-4.45435,-4.45435,-4.45435,-7.24208,-7.24208,-7.24208,-7.24208,-5.39816,-5.39816,-0.706815,-5.39816,-9.98686,-16.6998,-1.24548,-11.8795,-4.45435,-4.45435,-4.45435,-4.45435,-7.24208,-7.24208,-0.501563,-7.24208,-5.39816,-5.39816,-5.39816,-0.823452,-11.4166,-16.6998,-13.8094,-1.57378,-4.45435,-4.45435,-4.45435,-0.898999,-7.24208,-7.24208,-7.24208,-7.24208,-7.23993,-7.23993,-7.23993,-7.23993,-1.11004,-4.47734,-4.47734,-4.47734,-1.45743,-12.8668,-16.0238,-12.3225,-0.924421,-5.50939,-5.50939,-5.50939,-7.23993,-0.363668,-7.23993,-7.23993,-4.47734,-4.47734,-4.47734,-4.47734,-11.9048,-1.1566,-16.717,-9.84069,-5.50939,-0.619039,-5.50939,-5.50939,-7.23993,-7.23993,-7.23993,-7.23993,-4.47734,-4.47734,-4.47734,-4.47734,-16.0238,-16.717,-1.47532,-15.3307,-5.50939,-5.50939,-4.81624,-5.50939,-7.23993,-7.23993,-7.23993,-1.22134,-4.47734,-4.47734,-4.47734,-0.670674,-12.2743,-9.93476,-16.717,-1.49706,-5.50939,-5.50939,-5.50939,-4.81624,-5.66988,-5.66988,-5.66988,-5.66988,-1.13719,-7.38523,-7.38523,-7.38523,-1.18455,-4.44265,-4.44265,-4.44265,-1.65945,-13.1655,-10.4536,-16.7208,-5.66988,-1.22723,-5.66988,-5.66988,-7.38523,-7.38523,-7.38523,-7.38523,-4.44265,-0.635989,-4.44265,-4.44265,-12.302,-1.48734,-12.8496,-16.7208,-5.66988,-5.66988,-0.417607,-5.66988,-7.38523,-7.38523,-0.399589,-7.38523,-4.44265,-4.44265,-4.44265,-4.44265,-10.3965,-13.0833,-1.2601,-16.7208,-5.66988,-5.66988,-5.66988,-5.66988,-7.38523,-7.38523,-7.38523,-7.38523,-4.44265,-4.44265,-4.44265,-4.44265,-16.0277,-16.0277,-16.0277,-1.20369,
