n1;5;
n2;4;
n3;0;
n4;4;
n5;4;
n6;2;
n7;0;
st;10,2002,1002,3002,11,
as;-2.14748e+09,-2.14748e+09,0,-2.14748e+09,-6.90776,-2.14748e+09,-3.24624,-0.0396978,-2.14748e+09,-6.90776,-2.14748e+09,-6.39568,-0.00331833,-6.41057,-6.90776,-2.14748e+09,-2.14748e+09,-0.0398872,-3.24158,-6.90776,-2.14748e+09,-2.14748e+09,-2.14748e+09,-2.14748e+09,-2.14748e+09,
q0x;-1.38384,-1.40045,-1.38213,-1.37889,
q0y;-1.38314,-1.40114,-1.38286,-1.37819,
p0;-1.38356,-13.7089,-10.735,-12.6103,-12.7658,-1.4009,-13.8267,-10.867,-10.8721,-13.7726,-1.38266,-12.6653,-12.4614,-10.7225,-13.8549,-1.3786,
q2x;-1.12322,-1.43439,-1.67992,-1.38581,-1.44156,-1.25552,-1.2901,-1.59322,-1.42844,-1.11526,-1.53971,-1.52304,-1.57037,-1.32453,-1.39248,-1.28141,-1.41044,-1.61552,-1.15683,-1.41595,-1.14356,-1.75872,-1.146,-1.6547,-1.55737,-1.13469,-1.3933,-1.51624,-2.14033,-1.73776,-0.827337,-1.31209,-1.14833,-1.6038,-1.85215,-1.12453,-1.3605,-1.45399,-1.22148,-1.53695,-1.55731,-1.10421,-1.7271,-1.27287,-1.57006,-1.57453,-1.34685,-1.12453,-1.11859,-1.42918,-2.06564,-1.18085,-1.14855,-1.57471,-1.34286,-1.53833,-1.32652,-1.25053,-1.33487,-1.68711,-1.56585,-1.43849,-1.46755,-1.12913,
q2y;-1.12233,-1.43523,-1.68104,-1.38534,-1.43957,-1.26037,-1.28921,-1.58996,-1.42356,-1.11776,-1.54918,-1.51544,-1.57029,-1.32472,-1.39158,-1.28209,-1.4102,-1.61485,-1.159,-1.41393,-1.14065,-1.76979,-1.14286,-1.65487,-1.55341,-1.13684,-1.39633,-1.51349,-2.13283,-1.7373,-0.829135,-1.31276,-1.15092,-1.59828,-1.85277,-1.12514,-1.35792,-1.46131,-1.2194,-1.53495,-1.54861,-1.1077,-1.7393,-1.26764,-1.56747,-1.56815,-1.34761,-1.12968,-1.12108,-1.42764,-2.05982,-1.18182,-1.1486,-1.5759,-1.34168,-1.53854,-1.32347,-1.25231,-1.33911,-1.68273,-1.56595,-1.4395,-1.46725,-1.12854,
p2;-1.12578,-15.5123,-15.5123,-15.5123,-2.77259,-2.77259,-2.77259,-2.77259,-2.77259,-2.77259,-2.77259,-2.77259,-2.77259,-2.77259,-2.77259,-2.77259,-2.77259,-2.77259,-2.77259,-2.77259,-2.77259,-2.77259,-2.77259,-2.77259,-2.77259,-2.77259,-2.77259,-2.77259,-2.77259,-2.77259,-2.77259,-2.77259,-2.77259,-2.77259,-2.77259,-2.77259,-2.77259,-2.77259,-2.77259,-2.77259,-2.77259,-2.77259,-2.77259,-2.77259,-2.77259,-2.77259,-2.77259,-2.77259,-2.14007,-2.83321,-2.83321,-2.83321,-2.77259,-2.77259,-2.77259,-2.77259,-2.77259,-2.77259,-2.77259,-2.77259,-2.77259,-2.77259,-2.77259,-2.77259,-15.5123,-1.43344,-13.4329,-10.4689,-2.77259,-2.77259,-2.77259,-2.77259,-2.77259,-2.77259,-2.77259,-2.77259,-2.77259,-2.77259,-2.77259,-2.77259,-2.77259,-2.77259,-2.77259,-2.77259,-2.77259,-2.77259,-2.77259,-2.77259,-2.77259,-2.77259,-2.77259,-2.77259,-2.77259,-2.77259,-2.77259,-2.77259,-2.77259,-2.77259,-2.77259,-2.77259,-2.77259,-2.77259,-2.77259,-2.77259,-2.77259,-2.77259,-2.77259,-2.77259,-2.77259,-2.77259,-2.77259,-2.77259,-2.83321,-2.83321,-2.83321,-2.83321,-2.77259,-2.77259,-2.77259,-2.77259,-2.77259,-2.77259,-2.77259,-2.77259,-2.77259,-2.77259,-2.77259,-2.77259,-15.5123,-12.7397,-1.67943,-12.1801,-2.77259,-2.77259,-2.77259,-2.77259,-2.77259,-2.77259,-2.77259,-2.77259,-2.77259,-2.77259,-2.77259,-2.77259,-2.77259,-2.77259,-2.77259,-2.77259,-2.77259,-2.77259,-2.77259,-2.77259,-2.77259,-2.77259,-2.77259,-2.77259,-2.77259,-2.77259,-2.77259,-2.77259,-2.77259,-2.77259,-2.77259,-2.77259,-2.77259,-2.77259,-2.77259,-2.77259,-2.77259,-2.77259,-2.77259,-2.77259,-2.77259,-2.77259,-2.77259,-2.77259,-2.83321,-2.83321,-2.83321,-2.83321,-2.77259,-2.77259,-2.77259,-2.77259,-2.77259,-2.77259,-2.77259,-2.77259,-2.77259,-2.77259,-2.77259,-2.77259,-15.5123,-10.3943,-12.8043,-1.38405,-2.77259,-2.77259,-2.77259,-2.77259,-2.77259,-2.77259,-2.77259,-2.77259,-2.77259,-2.77259,-2.77259,-2.77259,-2.77259,-2.77259,-2.77259,-2.77259,-2.77259,-2.77259,-2.77259,-2.77259,-2.77259,-2.77259,-2.77259,-2.77259,-2.77259,-2.77259,-2.77259,-2.77259,-2.77259,-2.77259,-2.77259,-2.77259,-2.77259,-2.77259,-2.77259,-2.77259,-2.77259,-2.77259,-2.77259,-2.77259,-2.77259,-2.77259,-2.77259,-2.77259,-2.83321,-2.83321,-2.83321,-2.83321,-2.77259,-2.77259,-2.77259,-2.77259,-2.77259,-2.77259,-2.77259,-2.77259,-2.77259,-2.77259,-2.77259,-2.77259,-2.77259,-2.77259,-2.77259,-2.77259,-1.43923,-15.194,-9.84218,-11.6975,-0.830348,-3.66356,-3.66356,-3.66356,-0.985535,-6.05444,-6.05444,-6.05444,-2.77259,-2.77259,-2.77259,-2.77259,-2.77259,-2.77259,-2.77259,-2.77259,-2.77259,-2.77259,-2.77259,-2.77259,-2.77259,-2.77259,-2.77259,-2.77259,-2.77259,-2.77259,-2.77259,-2.77259,-1.48382,-6.80683,-6.80683,-6.80683,-2.77259,-2.77259,-2.77259,-2.77259,-2.77259,-2.77259,-2.77259,-2.77259,-2.77259,-2.77259,-2.77259,-2.77259,-1.58924,-4.58497,-4.58497,-4.58497,-2.77259,-2.77259,-2.77259,-2.77259,-2.77259,-2.77259,-2.77259,-2.77259,-2.77259,-2.77259,-2.77259,-2.77259,-15.194,-1.25909,-15.194,-14.5009,-3.66356,-3.66356,-3.66356,-3.66356,-6.05444,-6.05444,-6.05444,-6.05444,-2.77259,-2.77259,-2.77259,-2.77259,-2.77259,-2.77259,-2.77259,-2.77259,-2.77259,-2.77259,-2.77259,-2.77259,-2.77259,-2.77259,-2.77259,-2.77259,-2.77259,-2.77259,-2.77259,-2.77259,-6.80683,-1.0964,-6.80683,-6.80683,-2.77259,-2.77259,-2.77259,-2.77259,-2.77259,-2.77259,-2.77259,-2.77259,-2.77259,-2.77259,-2.77259,-2.77259,-4.58497,-1.18377,-4.58497,-4.58497,-2.77259,-2.77259,-2.77259,-2.77259,-2.77259,-2.77259,-2.77259,-2.77259,-2.77259,-2.77259,-2.77259,-2.77259,-10.1636,-15.194,-1.2901,-12.103,-3.66356,-3.66356,-3.66356,-3.66356,-6.05444,-6.05444,-0.52105,-6.05444,-2.77259,-2.77259,-2.77259,-2.77259,-2.77259,-2.77259,-2.77259,-2.77259,-2.77259,-2.77259,-2.77259,-2.77259,-2.77259,-2.77259,-2.77259,-2.77259,-2.77259,-2.77259,-2.77259,-2.77259,-6.80683,-6.80683,-1.36875,-6.80683,-2.77259,-2.77259,-2.77259,-2.77259,-2.77259,-2.77259,-2.77259,-2.77259,-2.77259,-2.77259,-2.77259,-2.77259,-4.58497,-4.58497,-1.25276,-4.58497,-2.77259,-2.77259,-2.77259,-2.77259,-2.77259,-2.77259,-2.77259,-2.77259,-2.77259,-2.77259,-2.77259,-2.77259,-11.7928,-15.194,-14.0954,-1.5915,-3.66356,-3.66356,-3.66356,-1.58412,-6.05444,-6.05444,-6.05444,-6.05444,-2.77259,-2.77259,-2.77259,-2.77259,-2.77259,-2.77259,-2.77259,-2.77259,-2.77259,-2.77259,-2.77259,-2.77259,-2.77259,-2.77259,-2.77259,-2.77259,-2.77259,-2.77259,-2.77259,-2.77259,-6.80683,-6.80683,-6.80683,-1.7634,-2.77259,-2.77259,-2.77259,-2.77259,-2.77259,-2.77259,-2.77259,-2.77259,-2.77259,-2.77259,-2.77259,-2.77259,-4.58497,-4.58497,-4.58497,-2.50553,-2.77259,-2.77259,-2.77259,-2.77259,-2.77259,-2.77259,-2.77259,-2.77259,-2.77259,-2.77259,-2.77259,-2.77259,-1.13708,-3.97029,-3.97029,-3.97029,-1.42264,-12.5527,-15.1176,-12.2272,-0.736822,-4.76217,-4.76217,-4.76217,-2.77259,-2.77259,-2.77259,-2.77259,-2.77259,-2.77259,-2.77259,-2.77259,-2.24071,-3.85015,-3.85015,-3.85015,-2.77259,-2.77259,-2.77259,-2.77259,-2.77259,-2.77259,-2.77259,-2.77259,-2.77259,-2.77259,-2.77259,-2.77259,-2.77259,-2.77259,-2.77259,-2.77259,-2.77259,-2.77259,-2.77259,-2.77259,-2.77259,-2.77259,-2.77259,-2.77259,-2.77259,-2.77259,-2.77259,-2.77259,-1.59215,-5.14749,-5.14749,-5.14749,-2.77259,-2.77259,-2.77259,-2.77259,-2.77259,-2.77259,-2.77259,-2.77259,-3.97029,-3.97029,-3.97029,-3.97029,-11.9821,-1.11674,-15.1176,-9.64115,-4.76217,-0.912026,-4.76217,-4.76217,-2.77259,-2.77259,-2.77259,-2.77259,-2.77259,-2.77259,-2.77259,-2.77259,-3.85015,-0.959776,-3.85015,-3.85015,-2.77259,-2.77259,-2.77259,-2.77259,-2.77259,-2.77259,-2.77259,-2.77259,-2.77259,-2.77259,-2.77259,-2.77259,-2.77259,-2.77259,-2.77259,-2.77259,-2.77259,-2.77259,-2.77259,-2.77259,-2.77259,-2.77259,-2.77259,-2.77259,-2.77259,-2.77259,-2.77259,-2.77259,-5.14749,-1.3633,-5.14749,-5.14749,-2.77259,-2.77259,-2.77259,-2.77259,-2.77259,-2.77259,-2.77259,-2.77259,-3.97029,-3.97029,-3.97029,-3.97029,-14.4245,-15.1176,-1.54981,-15.1176,-4.76217,-4.76217,-4.76217,-4.76217,-2.77259,-2.77259,-2.77259,-2.77259,-2.77259,-2.77259,-2.77259,-2.77259,-3.85015,-3.85015,-1.90424,-3.85015,-2.77259,-2.77259,-2.77259,-2.77259,-2.77259,-2.77259,-2.77259,-2.77259,-2.77259,-2.77259,-2.77259,-2.77259,-2.77259,-2.77259,-2.77259,-2.77259,-2.77259,-2.77259,-2.77259,-2.77259,-2.77259,-2.77259,-2.77259,-2.77259,-2.77259,-2.77259,-2.77259,-2.77259,-5.14749,-5.14749,-1.27629,-5.14749,-2.77259,-2.77259,-2.77259,-2.77259,-2.77259,-2.77259,-2.77259,-2.77259,-3.97029,-3.97029,-3.97029,-0.879249,-12.0731,-10.2656,-15.1176,-1.51792,-4.76217,-4.76217,-4.76217,-4.76217,-2.77259,-2.77259,-2.77259,-2.77259,-2.77259,-2.77259,-2.77259,-2.77259,-3.85015,-3.85015,-3.85015,-2.24071,-2.77259,-2.77259,-2.77259,-2.77259,-2.77259,-2.77259,-2.77259,-2.77259,-2.77259,-2.77259,-2.77259,-2.77259,-2.77259,-2.77259,-2.77259,-2.77259,-2.77259,-2.77259,-2.77259,-2.77259,-2.77259,-2.77259,-2.77259,-2.77259,-2.77259,-2.77259,-2.77259,-2.77259,-5.14749,-5.14749,-5.14749,-1.65099,-2.77259,-2.77259,-2.77259,-2.77259,-2.77259,-2.77259,-2.77259,-2.77259,-1.11932,-6.59578,-6.59578,-6.59578,-1.14513,-4.18965,-4.18965,-4.18965,-1.56949,-12.8641,-10.2087,-15.429,-2.77259,-2.77259,-2.77259,-2.77259,-2.77259,-2.77259,-2.77259,-2.77259,-2.77259,-2.77259,-2.77259,-2.77259,-1.46634,-4.17439,-4.17439,-4.17439,-2.77259,-2.77259,-2.77259,-2.77259,-2.77259,-2.77259,-2.77259,-2.77259,-2.77259,-2.77259,-2.77259,-2.77259,-1.80168,-6.56386,-6.56386,-6.56386,-2.77259,-2.77259,-2.77259,-2.77259,-2.77259,-2.77259,-2.77259,-2.77259,-2.77259,-2.77259,-2.77259,-2.77259,-2.77259,-2.77259,-2.77259,-2.77259,-2.77259,-2.77259,-2.77259,-2.77259,-6.59578,-6.59578,-6.59578,-6.59578,-4.18965,-0.755668,-4.18965,-4.18965,-12.0617,-1.32561,-12.4846,-15.429,-2.77259,-2.77259,-2.77259,-2.77259,-2.77259,-2.77259,-2.77259,-2.77259,-2.77259,-2.77259,-2.77259,-2.77259,-4.17439,-1.22995,-4.17439,-4.17439,-2.77259,-2.77259,-2.77259,-2.77259,-2.77259,-2.77259,-2.77259,-2.77259,-2.77259,-2.77259,-2.77259,-2.77259,-6.56386,-1.0958,-6.56386,-6.56386,-2.77259,-2.77259,-2.77259,-2.77259,-2.77259,-2.77259,-2.77259,-2.77259,-2.77259,-2.77259,-2.77259,-2.77259,-2.77259,-2.77259,-2.77259,-2.77259,-2.77259,-2.77259,-2.77259,-2.77259,-6.59578,-6.59578,-0.42408,-6.59578,-4.18965,-4.18965,-4.18965,-4.18965,-10.625,-13.2318,-1.39187,-15.429,-2.77259,-2.77259,-2.77259,-2.77259,-2.77259,-2.77259,-2.77259,-2.77259,-2.77259,-2.77259,-2.77259,-2.77259,-4.17439,-4.17439,-1.60944,-4.17439,-2.77259,-2.77259,-2.77259,-2.77259,-2.77259,-2.77259,-2.77259,-2.77259,-2.77259,-2.77259,-2.77259,-2.77259,-6.56386,-6.56386,-1.3709,-6.56386,-2.77259,-2.77259,-2.77259,-2.77259,-2.77259,-2.77259,-2.77259,-2.77259,-2.77259,-2.77259,-2.77259,-2.77259,-2.77259,-2.77259,-2.77259,-2.77259,-2.77259,-2.77259,-2.77259,-2.77259,-6.59578,-6.59578,-6.59578,-6.59578,-4.18965,-4.18965,-4.18965,-4.18965,-15.429,-15.429,-15.429,-1.28186,-2.77259,-2.77259,-2.77259,-2.77259,-2.77259,-2.77259,-2.77259,-2.77259,-2.77259,-2.77259,-2.77259,-2.77259,-4.17439,-4.17439,-4.17439,-2.38263,-2.77259,-2.77259,-2.77259,-2.77259,-2.77259,-2.77259,-2.77259,-2.77259,-2.77259,-2.77259,-2.77259,-2.77259,-6.56386,-6.56386,-6.56386,-1.47011,-2.77259,-2.77259,-2.77259,-2.77259,-2.77259,-2.77259,-2.77259,-2.77259,-2.77259,-2.77259,-2.77259,-2.77259,-2.77259,-2.77259,-2.77259,-2.77259,-2.77259,-2.77259,-2.77259,-2.77259,-2.77259,-2.77259,-2.77259,-2.77259,-2.77259,-2.77259,-2.77259,-2.77259,-2.77259,-2.77259,-2.77259,-2.77259,-1.40963,-15.4264,-15.4264,-15.4264,-2.77259,-2.77259,-2.77259,-2.77259,-6.97354,-6.97354,-6.97354,-6.97354,-5.17048,-5.17048,-5.17048,-5.17048,-1.8718,-3.95124,-3.95124,-3.95124,-2.77259,-2.77259,-2.77259,-2.77259,-2.77259,-2.77259,-2.77259,-2.77259,-2.77259,-2.77259,-2.77259,-2.77259,-1.4141,-6.30445,-6.30445,-6.30445,-2.77259,-2.77259,-2.77259,-2.77259,-2.77259,-2.77259,-2.77259,-2.77259,-2.77259,-2.77259,-2.77259,-2.77259,-2.77259,-2.77259,-2.77259,-2.77259,-2.77259,-2.77259,-2.77259,-2.77259,-2.77259,-2.77259,-2.77259,-2.77259,-2.77259,-2.77259,-2.77259,-2.77259,-15.4264,-1.61473,-13.4805,-11.0076,-2.77259,-2.77259,-2.77259,-2.77259,-6.97354,-0.569969,-6.97354,-6.97354,-5.17048,-1.27866,-5.17048,-5.17048,-3.95124,-1.8718,-3.95124,-3.95124,-2.77259,-2.77259,-2.77259,-2.77259,-2.77259,-2.77259,-2.77259,-2.77259,-2.77259,-2.77259,-2.77259,-2.77259,-6.30445,-1.80464,-6.30445,-6.30445,-2.77259,-2.77259,-2.77259,-2.77259,-2.77259,-2.77259,-2.77259,-2.77259,-2.77259,-2.77259,-2.77259,-2.77259,-2.77259,-2.77259,-2.77259,-2.77259,-2.77259,-2.77259,-2.77259,-2.77259,-2.77259,-2.77259,-2.77259,-2.77259,-2.77259,-2.77259,-2.77259,-2.77259,-15.4264,-12.9415,-1.159,-11.7376,-2.77259,-2.77259,-2.77259,-2.77259,-6.97354,-6.97354,-6.97354,-6.97354,-5.17048,-5.17048,-0.443096,-5.17048,-3.95124,-3.95124,-1.38629,-3.95124,-2.77259,-2.77259,-2.77259,-2.77259,-2.77259,-2.77259,-2.77259,-2.77259,-2.77259,-2.77259,-2.77259,-2.77259,-6.30445,-6.30445,-1.17455,-6.30445,-2.77259,-2.77259,-2.77259,-2.77259,-2.77259,-2.77259,-2.77259,-2.77259,-2.77259,-2.77259,-2.77259,-2.77259,-2.77259,-2.77259,-2.77259,-2.77259,-2.77259,-2.77259,-2.77259,-2.77259,-2.77259,-2.77259,-2.77259,-2.77259,-2.77259,-2.77259,-2.77259,-2.77259,-15.4264,-10.2007,-12.5932,-1.41489,-2.77259,-2.77259,-2.77259,-2.77259,-6.97354,-6.97354,-6.97354,-0.864295,-5.17048,-5.17048,-5.17048,-5.17048,-3.95124,-3.95124,-3.95124,-1.55335,-2.77259,-2.77259,-2.77259,-2.77259,-2.77259,-2.77259,-2.77259,-2.77259,-2.77259,-2.77259,-2.77259,-2.77259,-6.30445,-6.30445,-6.30445,-1.3416,-2.77259,-2.77259,-2.77259,-2.77259,-2.77259,-2.77259,-2.77259,-2.77259,-2.77259,-2.77259,-2.77259,-2.77259,-2.77259,-2.77259,-2.77259,-2.77259,-2.14007,-2.83321,-2.83321,-2.83321,-2.77259,-2.77259,-2.77259,-2.77259,-2.77259,-2.77259,-2.77259,-2.77259,-2.77259,-2.77259,-2.77259,-2.77259,-1.13985,-15.2011,-9.51754,-11.3299,-2.77259,-2.77259,-2.77259,-2.77259,-2.14007,-2.83321,-2.83321,-2.83321,-2.77259,-2.77259,-2.77259,-2.77259,-2.77259,-2.77259,-2.77259,-2.77259,-2.77259,-2.77259,-2.77259,-2.77259,-2.77259,-2.77259,-2.77259,-2.77259,-2.77259,-2.77259,-2.77259,-2.77259,-2.77259,-2.77259,-2.77259,-2.77259,-2.77259,-2.77259,-2.77259,-2.77259,-2.77259,-2.77259,-2.77259,-2.77259,-2.77259,-2.77259,-2.77259,-2.77259,-2.83321,-2.83321,-2.83321,-2.83321,-2.77259,-2.77259,-2.77259,-2.77259,-2.77259,-2.77259,-2.77259,-2.77259,-2.77259,-2.77259,-2.77259,-2.77259,-15.2011,-1.77324,-15.2011,-15.2011,-2.77259,-2.77259,-2.77259,-2.77259,-2.83321,-2.83321,-2.83321,-2.83321,-2.77259,-2.77259,-2.77259,-2.77259,-2.77259,-2.77259,-2.77259,-2.77259,-2.77259,-2.77259,-2.77259,-2.77259,-2.77259,-2.77259,-2.77259,-2.77259,-2.77259,-2.77259,-2.77259,-2.77259,-2.77259,-2.77259,-2.77259,-2.77259,-2.77259,-2.77259,-2.77259,-2.77259,-2.77259,-2.77259,-2.77259,-2.77259,-2.77259,-2.77259,-2.77259,-2.77259,-2.83321,-2.83321,-2.83321,-2.83321,-2.77259,-2.77259,-2.77259,-2.77259,-2.77259,-2.77259,-2.77259,-2.77259,-2.77259,-2.77259,-2.77259,-2.77259,-9.75008,-15.2011,-1.14219,-11.7046,-2.77259,-2.77259,-2.77259,-2.77259,-2.83321,-2.83321,-2.83321,-2.83321,-2.77259,-2.77259,-2.77259,-2.77259,-2.77259,-2.77259,-2.77259,-2.77259,-2.77259,-2.77259,-2.77259,-2.77259,-2.77259,-2.77259,-2.77259,-2.77259,-2.77259,-2.77259,-2.77259,-2.77259,-2.77259,-2.77259,-2.77259,-2.77259,-2.77259,-2.77259,-2.77259,-2.77259,-2.77259,-2.77259,-2.77259,-2.77259,-2.77259,-2.77259,-2.77259,-2.77259,-2.83321,-2.83321,-2.83321,-2.83321,-2.77259,-2.77259,-2.77259,-2.77259,-2.77259,-2.77259,-2.77259,-2.77259,-2.77259,-2.77259,-2.77259,-2.77259,-11.1407,-14.508,-13.8148,-1.65515,-2.77259,-2.77259,-2.77259,-2.77259,-2.83321,-2.83321,-2.83321,-2.83321,-2.77259,-2.77259,-2.77259,-2.77259,-2.77259,-2.77259,-2.77259,-2.77259,-2.77259,-2.77259,-2.77259,-2.77259,-2.77259,-2.77259,-2.77259,-2.77259,-2.77259,-2.77259,-2.77259,-2.77259,-2.77259,-2.77259,-2.77259,-2.77259,-2.77259,-2.77259,-2.77259,-2.77259,-2.77259,-2.77259,-2.77259,-2.77259,-2.77259,-2.77259,-2.77259,-2.77259,-2.77259,-2.77259,-2.77259,-2.77259,-1.58515,-4.80402,-4.80402,-4.80402,-2.77259,-2.77259,-2.77259,-2.77259,-6.72863,-6.72863,-6.72863,-6.72863,-2.77259,-2.77259,-2.77259,-2.77259,-1.55545,-13.3728,-15.4522,-12.2742,-1.23837,-4.92725,-4.92725,-4.92725,-2.77259,-2.77259,-2.77259,-2.77259,-2.77259,-2.77259,-2.77259,-2.77259,-2.77259,-2.77259,-2.77259,-2.77259,-2.77259,-2.77259,-2.77259,-2.77259,-2.77259,-2.77259,-2.77259,-2.77259,-2.77259,-2.77259,-2.77259,-2.77259,-1.53119,-6.75693,-6.75693,-6.75693,-2.77259,-2.77259,-2.77259,-2.77259,-2.77259,-2.77259,-2.77259,-2.77259,-2.77259,-2.77259,-2.77259,-2.77259,-4.80402,-1.11514,-4.80402,-4.80402,-2.77259,-2.77259,-2.77259,-2.77259,-6.72863,-0.357017,-6.72863,-6.72863,-2.77259,-2.77259,-2.77259,-2.77259,-12.1564,-1.13521,-15.4522,-10.1539,-4.92725,-0.496437,-4.92725,-4.92725,-2.77259,-2.77259,-2.77259,-2.77259,-2.77259,-2.77259,-2.77259,-2.77259,-2.77259,-2.77259,-2.77259,-2.77259,-2.77259,-2.77259,-2.77259,-2.77259,-2.77259,-2.77259,-2.77259,-2.77259,-2.77259,-2.77259,-2.77259,-2.77259,-6.75693,-1.14746,-6.75693,-6.75693,-2.77259,-2.77259,-2.77259,-2.77259,-2.77259,-2.77259,-2.77259,-2.77259,-2.77259,-2.77259,-2.77259,-2.77259,-4.80402,-4.80402,-1.71298,-4.80402,-2.77259,-2.77259,-2.77259,-2.77259,-6.72863,-6.72863,-6.72863,-6.72863,-2.77259,-2.77259,-2.77259,-2.77259,-15.4522,-15.4522,-1.39611,-15.4522,-4.92725,-4.92725,-4.92725,-4.92725,-2.77259,-2.77259,-2.77259,-2.77259,-2.77259,-2.77259,-2.77259,-2.77259,-2.77259,-2.77259,-2.77259,-2.77259,-2.77259,-2.77259,-2.77259,-2.77259,-2.77259,-2.77259,-2.77259,-2.77259,-2.77259,-2.77259,-2.77259,-2.77259,-6.75693,-6.75693,-1.37704,-6.75693,-2.77259,-2.77259,-2.77259,-2.77259,-2.77259,-2.77259,-2.77259,-2.77259,-2.77259,-2.77259,-2.77259,-2.77259,-4.80402,-4.80402,-4.80402,-1.66853,-2.77259,-2.77259,-2.77259,-2.77259,-6.72863,-6.72863,-6.72863,-1.26057,-2.77259,-2.77259,-2.77259,-2.77259,-12.12,-9.94286,-15.4522,-1.51465,-4.92725,-4.92725,-4.92725,-4.92725,-2.77259,-2.77259,-2.77259,-2.77259,-2.77259,-2.77259,-2.77259,-2.77259,-2.77259,-2.77259,-2.77259,-2.77259,-2.77259,-2.77259,-2.77259,-2.77259,-2.77259,-2.77259,-2.77259,-2.77259,-2.77259,-2.77259,-2.77259,-2.77259,-6.75693,-6.75693,-6.75693,-1.60944,-2.77259,-2.77259,-2.77259,-2.77259,-2.77259,-2.77259,-2.77259,-2.77259,-2.77259,-2.77259,-2.77259,-2.77259,-2.77259,-2.77259,-2.77259,-2.77259,-2.15355,-4.7185,-4.7185,-4.7185,-5.31321,-5.31321,-5.31321,-5.31321,-2.77259,-2.77259,-2.77259,-2.77259,-1.70475,-3.49651,-3.49651,-3.49651,-2.13943,-13.7372,-10.6462,-15.1235,-2.77259,-2.77259,-2.77259,-2.77259,-2.77259,-2.77259,-2.77259,-2.77259,-2.77259,-2.77259,-2.77259,-2.77259,-3.19867,-3.89182,-3.89182,-3.89182,-2.77259,-2.77259,-2.77259,-2.77259,-2.77259,-2.77259,-2.77259,-2.77259,-2.77259,-2.77259,-2.77259,-2.77259,-2.77259,-2.77259,-2.77259,-2.77259,-2.77259,-2.77259,-2.77259,-2.77259,-2.77259,-2.77259,-2.77259,-2.77259,-2.77259,-2.77259,-2.77259,-2.77259,-4.7185,-1.67398,-4.7185,-4.7185,-5.31321,-1.36196,-5.31321,-5.31321,-2.77259,-2.77259,-2.77259,-2.77259,-3.49651,-0.931558,-3.49651,-3.49651,-12.2903,-1.73681,-12.9263,-15.1235,-2.77259,-2.77259,-2.77259,-2.77259,-2.77259,-2.77259,-2.77259,-2.77259,-2.77259,-2.77259,-2.77259,-2.77259,-3.89182,-1.94591,-3.89182,-3.89182,-2.77259,-2.77259,-2.77259,-2.77259,-2.77259,-2.77259,-2.77259,-2.77259,-2.77259,-2.77259,-2.77259,-2.77259,-2.77259,-2.77259,-2.77259,-2.77259,-2.77259,-2.77259,-2.77259,-2.77259,-2.77259,-2.77259,-2.77259,-2.77259,-2.77259,-2.77259,-2.77259,-2.77259,-4.7185,-4.7185,-1.25276,-4.7185,-5.31321,-5.31321,-0.393225,-5.31321,-2.77259,-2.77259,-2.77259,-2.77259,-3.49651,-3.49651,-3.49651,-3.49651,-10.0736,-12.3509,-0.82818,-15.1235,-2.77259,-2.77259,-2.77259,-2.77259,-2.77259,-2.77259,-2.77259,-2.77259,-2.77259,-2.77259,-2.77259,-2.77259,-3.89182,-3.89182,-1.18377,-3.89182,-2.77259,-2.77259,-2.77259,-2.77259,-2.77259,-2.77259,-2.77259,-2.77259,-2.77259,-2.77259,-2.77259,-2.77259,-2.77259,-2.77259,-2.77259,-2.77259,-2.77259,-2.77259,-2.77259,-2.77259,-2.77259,-2.77259,-2.77259,-2.77259,-2.77259,-2.77259,-2.77259,-2.77259,-4.7185,-4.7185,-4.7185,-1.19214,-5.31321,-5.31321,-5.31321,-5.31321,-2.77259,-2.77259,-2.77259,-2.77259,-3.49651,-3.49651,-3.49651,-3.49651,-15.1235,-15.1235,-15.1235,-1.31203,-2.77259,-2.77259,-2.77259,-2.77259,-2.77259,-2.77259,-2.77259,-2.77259,-2.77259,-2.77259,-2.77259,-2.77259,-3.89182,-3.89182,-3.89182,-1.32687,-2.77259,-2.77259,-2.77259,-2.77259,-2.77259,-2.77259,-2.77259,-2.77259,-2.77259,-2.77259,-2.77259,-2.77259,-2.77259,-2.77259,-2.77259,-2.77259,-2.77259,-2.77259,-2.77259,-2.77259,-2.77259,-2.77259,-2.77259,-2.77259,-2.77259,-2.77259,-2.77259,-2.77259,-2.77259,-2.77259,-2.77259,-2.77259,-1.43075,-3.82864,-3.82864,-3.82864,-2.77259,-2.77259,-2.77259,-2.77259,-2.77259,-2.77259,-2.77259,-2.77259,-2.77259,-2.77259,-2.77259,-2.77259,-1.14855,-15.2568,-15.2568,-15.2568,-4.11087,-4.11087,-4.11087,-4.11087,-2.77259,-2.77259,-2.77259,-2.77259,-4.5326,-4.5326,-4.5326,-4.5326,-1.20397,-4.70048,-4.70048,-4.70048,-2.77259,-2.77259,-2.77259,-2.77259,-2.77259,-2.77259,-2.77259,-2.77259,-2.77259,-2.77259,-2.77259,-2.77259,-2.77259,-2.77259,-2.77259,-2.77259,-2.77259,-2.77259,-2.77259,-2.77259,-2.77259,-2.77259,-2.77259,-2.77259,-2.77259,-2.77259,-2.77259,-2.77259,-3.82864,-1.7492,-3.82864,-3.82864,-2.77259,-2.77259,-2.77259,-2.77259,-2.77259,-2.77259,-2.77259,-2.77259,-2.77259,-2.77259,-2.77259,-2.77259,-15.2568,-1.60386,-13.1774,-10.6417,-4.11087,-4.11087,-4.11087,-4.11087,-2.77259,-2.77259,-2.77259,-2.77259,-4.5326,-1.00624,-4.5326,-4.5326,-4.70048,-1.81011,-4.70048,-4.70048,-2.77259,-2.77259,-2.77259,-2.77259,-2.77259,-2.77259,-2.77259,-2.77259,-2.77259,-2.77259,-2.77259,-2.77259,-2.77259,-2.77259,-2.77259,-2.77259,-2.77259,-2.77259,-2.77259,-2.77259,-2.77259,-2.77259,-2.77259,-2.77259,-2.77259,-2.77259,-2.77259,-2.77259,-3.82864,-3.82864,-2.2192,-3.82864,-2.77259,-2.77259,-2.77259,-2.77259,-2.77259,-2.77259,-2.77259,-2.77259,-2.77259,-2.77259,-2.77259,-2.77259,-15.2568,-13.1774,-1.85145,-12.1213,-4.11087,-4.11087,-1.01983,-4.11087,-2.77259,-2.77259,-2.77259,-2.77259,-4.5326,-4.5326,-0.725937,-4.5326,-4.70048,-4.70048,-1.86727,-4.70048,-2.77259,-2.77259,-2.77259,-2.77259,-2.77259,-2.77259,-2.77259,-2.77259,-2.77259,-2.77259,-2.77259,-2.77259,-2.77259,-2.77259,-2.77259,-2.77259,-2.77259,-2.77259,-2.77259,-2.77259,-2.77259,-2.77259,-2.77259,-2.77259,-2.77259,-2.77259,-2.77259,-2.77259,-3.82864,-3.82864,-3.82864,-1.52606,-2.77259,-2.77259,-2.77259,-2.77259,-2.77259,-2.77259,-2.77259,-2.77259,-2.77259,-2.77259,-2.77259,-2.77259,-15.2568,-9.77204,-12.6919,-1.12491,-4.11087,-4.11087,-4.11087,-0.891998,-2.77259,-2.77259,-2.77259,-2.77259,-4.5326,-4.5326,-4.5326,-4.5326,-4.70048,-4.70048,-4.70048,-1.29928,-2.77259,-2.77259,-2.77259,-2.77259,-2.77259,-2.77259,-2.77259,-2.77259,-2.77259,-2.77259,-2.77259,-2.77259,-2.77259,-2.77259,-2.77259,-2.77259,-1.45923,-6.88857,-6.88857,-6.88857,-2.77259,-2.77259,-2.77259,-2.77259,-2.77259,-2.77259,-2.77259,-2.77259,-2.77259,-2.77259,-2.77259,-2.77259,-2.77259,-2.77259,-2.77259,-2.77259,-2.77259,-2.77259,-2.77259,-2.77259,-2.77259,-2.77259,-2.77259,-2.77259,-4.92725,-4.92725,-4.92725,-4.92725,-1.35754,-15.5587,-10.0135,-11.6074,-2.77259,-2.77259,-2.77259,-2.77259,-0.961646,-6.88857,-6.88857,-6.88857,-2.77259,-2.77259,-2.77259,-2.77259,-1.5247,-4.99043,-4.99043,-4.99043,-2.77259,-2.77259,-2.77259,-2.77259,-2.77259,-2.77259,-2.77259,-2.77259,-2.77259,-2.77259,-2.77259,-2.77259,-6.88857,-1.31642,-6.88857,-6.88857,-2.77259,-2.77259,-2.77259,-2.77259,-2.77259,-2.77259,-2.77259,-2.77259,-2.77259,-2.77259,-2.77259,-2.77259,-2.77259,-2.77259,-2.77259,-2.77259,-2.77259,-2.77259,-2.77259,-2.77259,-2.77259,-2.77259,-2.77259,-2.77259,-4.92725,-4.23411,-4.92725,-4.92725,-14.8655,-1.46249,-15.5587,-15.5587,-2.77259,-2.77259,-2.77259,-2.77259,-6.88857,-6.88857,-6.88857,-6.88857,-2.77259,-2.77259,-2.77259,-2.77259,-4.99043,-1.30155,-4.99043,-4.99043,-2.77259,-2.77259,-2.77259,-2.77259,-2.77259,-2.77259,-2.77259,-2.77259,-2.77259,-2.77259,-2.77259,-2.77259,-6.88857,-6.88857,-1.70119,-6.88857,-2.77259,-2.77259,-2.77259,-2.77259,-2.77259,-2.77259,-2.77259,-2.77259,-2.77259,-2.77259,-2.77259,-2.77259,-2.77259,-2.77259,-2.77259,-2.77259,-2.77259,-2.77259,-2.77259,-2.77259,-2.77259,-2.77259,-2.77259,-2.77259,-4.92725,-4.92725,-0.650588,-4.92725,-9.99416,-15.5587,-1.21932,-11.73,-2.77259,-2.77259,-2.77259,-2.77259,-6.88857,-6.88857,-0.505066,-6.88857,-2.77259,-2.77259,-2.77259,-2.77259,-4.99043,-4.99043,-1.62314,-4.99043,-2.77259,-2.77259,-2.77259,-2.77259,-2.77259,-2.77259,-2.77259,-2.77259,-2.77259,-2.77259,-2.77259,-2.77259,-6.88857,-6.88857,-6.88857,-1.18813,-2.77259,-2.77259,-2.77259,-2.77259,-2.77259,-2.77259,-2.77259,-2.77259,-2.77259,-2.77259,-2.77259,-2.77259,-2.77259,-2.77259,-2.77259,-2.77259,-2.77259,-2.77259,-2.77259,-2.77259,-2.77259,-2.77259,-2.77259,-2.77259,-4.92725,-4.92725,-4.92725,-0.995428,-11.4155,-15.5587,-13.6128,-1.53482,-2.77259,-2.77259,-2.77259,-2.77259,-6.88857,-6.88857,-6.88857,-6.88857,-2.77259,-2.77259,-2.77259,-2.77259,-4.99043,-4.99043,-4.99043,-1.46407,-2.77259,-2.77259,-2.77259,-2.77259,-2.77259,-2.77259,-2.77259,-2.77259,-2.77259,-2.77259,-2.77259,-2.77259,-2.77259,-2.77259,-2.77259,-2.77259,-2.77259,-2.77259,-2.77259,-2.77259,-2.77259,-2.77259,-2.77259,-2.77259,-2.77259,-2.77259,-2.77259,-2.77259,-2.77259,-2.77259,-2.77259,-2.77259,-2.77259,-2.77259,-2.77259,-2.77259,-2.77259,-2.77259,-2.77259,-2.77259,-2.77259,-2.77259,-2.77259,-2.77259,-2.77259,-2.77259,-2.77259,-2.77259,-1.54997,-13.4458,-15.2376,-12.465,-2.83321,-2.83321,-2.83321,-2.83321,-2.77259,-2.77259,-2.77259,-2.77259,-2.77259,-2.77259,-2.77259,-2.77259,-2.77259,-2.77259,-2.77259,-2.77259,-2.77259,-2.77259,-2.77259,-2.77259,-2.77259,-2.77259,-2.77259,-2.77259,-2.77259,-2.77259,-2.77259,-2.77259,-2.77259,-2.77259,-2.77259,-2.77259,-2.77259,-2.77259,-2.77259,-2.77259,-2.77259,-2.77259,-2.77259,-2.77259,-2.77259,-2.77259,-2.77259,-2.77259,-2.77259,-2.77259,-2.77259,-2.77259,-2.77259,-2.77259,-2.77259,-2.77259,-2.77259,-2.77259,-2.77259,-2.77259,-2.77259,-2.77259,-2.77259,-2.77259,-11.6267,-1.1064,-15.2376,-9.5405,-2.83321,-2.14007,-2.83321,-2.83321,-2.77259,-2.77259,-2.77259,-2.77259,-2.77259,-2.77259,-2.77259,-2.77259,-2.77259,-2.77259,-2.77259,-2.77259,-2.77259,-2.77259,-2.77259,-2.77259,-2.77259,-2.77259,-2.77259,-2.77259,-2.77259,-2.77259,-2.77259,-2.77259,-2.77259,-2.77259,-2.77259,-2.77259,-2.77259,-2.77259,-2.77259,-2.77259,-2.77259,-2.77259,-2.77259,-2.77259,-2.77259,-2.77259,-2.77259,-2.77259,-2.77259,-2.77259,-2.77259,-2.77259,-2.77259,-2.77259,-2.77259,-2.77259,-2.77259,-2.77259,-2.77259,-2.77259,-2.77259,-2.77259,-2.77259,-2.77259,-15.2376,-15.2376,-1.74253,-14.139,-2.83321,-2.83321,-2.83321,-2.83321,-2.77259,-2.77259,-2.77259,-2.77259,-2.77259,-2.77259,-2.77259,-2.77259,-2.77259,-2.77259,-2.77259,-2.77259,-2.77259,-2.77259,-2.77259,-2.77259,-2.77259,-2.77259,-2.77259,-2.77259,-2.77259,-2.77259,-2.77259,-2.77259,-2.77259,-2.77259,-2.77259,-2.77259,-2.77259,-2.77259,-2.77259,-2.77259,-2.77259,-2.77259,-2.77259,-2.77259,-2.77259,-2.77259,-2.77259,-2.77259,-2.77259,-2.77259,-2.77259,-2.77259,-2.77259,-2.77259,-2.77259,-2.77259,-2.77259,-2.77259,-2.77259,-2.77259,-2.77259,-2.77259,-2.77259,-2.77259,-12.0187,-9.52386,-15.2376,-1.26672,-2.83321,-2.83321,-2.83321,-2.83321,-2.77259,-2.77259,-2.77259,-2.77259,-2.77259,-2.77259,-2.77259,-2.77259,-2.77259,-2.77259,-2.77259,-2.77259,-2.77259,-2.77259,-2.77259,-2.77259,-2.77259,-2.77259,-2.77259,-2.77259,-2.77259,-2.77259,-2.77259,-2.77259,-2.77259,-2.77259,-2.77259,-2.77259,-1.61892,-6.04973,-6.04973,-6.04973,-2.77259,-2.77259,-2.77259,-2.77259,-2.77259,-2.77259,-2.77259,-2.77259,-2.77259,-2.77259,-2.77259,-2.77259,-1.89712,-4.09434,-4.09434,-4.09434,-4.60517,-4.60517,-4.60517,-4.60517,-1.17118,-6.80239,-6.80239,-6.80239,-2.77259,-2.77259,-2.77259,-2.77259,-1.56873,-12.9146,-10.4465,-15.2172,-2.77259,-2.77259,-2.77259,-2.77259,-2.77259,-2.77259,-2.77259,-2.77259,-2.77259,-2.77259,-2.77259,-2.77259,-2.77259,-2.77259,-2.77259,-2.77259,-2.77259,-2.77259,-2.77259,-2.77259,-2.77259,-2.77259,-2.77259,-2.77259,-2.77259,-2.77259,-2.77259,-2.77259,-6.04973,-1.33123,-6.04973,-6.04973,-2.77259,-2.77259,-2.77259,-2.77259,-2.77259,-2.77259,-2.77259,-2.77259,-2.77259,-2.77259,-2.77259,-2.77259,-4.09434,-1.20397,-4.09434,-4.09434,-4.60517,-1.13943,-4.60517,-4.60517,-6.80239,-6.80239,-6.80239,-6.80239,-2.77259,-2.77259,-2.77259,-2.77259,-12.8193,-1.57435,-13.4254,-15.2172,-2.77259,-2.77259,-2.77259,-2.77259,-2.77259,-2.77259,-2.77259,-2.77259,-2.77259,-2.77259,-2.77259,-2.77259,-2.77259,-2.77259,-2.77259,-2.77259,-2.77259,-2.77259,-2.77259,-2.77259,-2.77259,-2.77259,-2.77259,-2.77259,-2.77259,-2.77259,-2.77259,-2.77259,-6.04973,-6.04973,-1.49586,-6.04973,-2.77259,-2.77259,-2.77259,-2.77259,-2.77259,-2.77259,-2.77259,-2.77259,-2.77259,-2.77259,-2.77259,-2.77259,-4.09434,-4.09434,-1.60944,-4.09434,-4.60517,-4.60517,-0.616186,-4.60517,-6.80239,-6.80239,-0.397166,-6.80239,-2.77259,-2.77259,-2.77259,-2.77259,-10.4636,-13.6078,-1.34522,-15.2172,-2.77259,-2.77259,-2.77259,-2.77259,-2.77259,-2.77259,-2.77259,-2.77259,-2.77259,-2.77259,-2.77259,-2.77259,-2.77259,-2.77259,-2.77259,-2.77259,-2.77259,-2.77259,-2.77259,-2.77259,-2.77259,-2.77259,-2.77259,-2.77259,-2.77259,-2.77259,-2.77259,-2.77259,-6.04973,-6.04973,-6.04973,-1.25394,-2.77259,-2.77259,-2.77259,-2.77259,-2.77259,-2.77259,-2.77259,-2.77259,-2.77259,-2.77259,-2.77259,-2.77259,-4.09434,-4.09434,-4.09434,-1.89712,-4.60517,-4.60517,-4.60517,-4.60517,-6.80239,-6.80239,-6.80239,-5.70378,-2.77259,-2.77259,-2.77259,-2.77259,-15.2172,-15.2172,-15.2172,-1.12702,-2.77259,-2.77259,-2.77259,-2.77259,-2.77259,-2.77259,-2.77259,-2.77259,-2.77259,-2.77259,-2.77259,-2.77259,-2.77259,-2.77259,-2.77259,-2.77259,-2.77259,-2.77259,-2.77259,-2.77259,-2.77259,-2.77259,-2.77259,-2.77259,-2.77259,-2.77259,-2.77259,-2.77259,-2.77259,-2.77259,-2.77259,-2.77259,-1.19959,-6.27476,-6.27476,-6.27476,-2.77259,-2.77259,-2.77259,-2.77259,-2.77259,-2.77259,-2.77259,-2.77259,-2.77259,-2.77259,-2.77259,-2.77259,-1.94591,-3.73767,-3.73767,-3.73767,-2.77259,-2.77259,-2.77259,-2.77259,-2.77259,-2.77259,-2.77259,-2.77259,-2.77259,-2.77259,-2.77259,-2.77259,-1.12061,-15.0579,-15.0579,-15.0579,-3.91202,-3.91202,-3.91202,-3.91202,-6.29157,-6.29157,-6.29157,-6.29157,-2.77259,-2.77259,-2.77259,-2.77259,-2.77259,-2.77259,-2.77259,-2.77259,-2.77259,-2.77259,-2.77259,-2.77259,-2.77259,-2.77259,-2.77259,-2.77259,-2.77259,-2.77259,-2.77259,-2.77259,-6.27476,-1.45448,-6.27476,-6.27476,-2.77259,-2.77259,-2.77259,-2.77259,-2.77259,-2.77259,-2.77259,-2.77259,-2.77259,-2.77259,-2.77259,-2.77259,-3.73767,-1.33977,-3.73767,-3.73767,-2.77259,-2.77259,-2.77259,-2.77259,-2.77259,-2.77259,-2.77259,-2.77259,-2.77259,-2.77259,-2.77259,-2.77259,-15.0579,-1.42848,-13.6716,-10.7141,-3.91202,-3.91202,-3.91202,-3.91202,-6.29157,-0.646122,-6.29157,-6.29157,-2.77259,-2.77259,-2.77259,-2.77259,-2.77259,-2.77259,-2.77259,-2.77259,-2.77259,-2.77259,-2.77259,-2.77259,-2.77259,-2.77259,-2.77259,-2.77259,-2.77259,-2.77259,-2.77259,-2.77259,-6.27476,-6.27476,-1.88031,-6.27476,-2.77259,-2.77259,-2.77259,-2.77259,-2.77259,-2.77259,-2.77259,-2.77259,-2.77259,-2.77259,-2.77259,-2.77259,-3.73767,-3.73767,-2.35138,-3.73767,-2.77259,-2.77259,-2.77259,-2.77259,-2.77259,-2.77259,-2.77259,-2.77259,-2.77259,-2.77259,-2.77259,-2.77259,-15.0579,-13.4485,-2.06466,-12.2853,-3.91202,-3.91202,-1.60944,-3.91202,-6.29157,-6.29157,-6.29157,-6.29157,-2.77259,-2.77259,-2.77259,-2.77259,-2.77259,-2.77259,-2.77259,-2.77259,-2.77259,-2.77259,-2.77259,-2.77259,-2.77259,-2.77259,-2.77259,-2.77259,-2.77259,-2.77259,-2.77259,-2.77259,-6.27476,-6.27476,-6.27476,-1.23781,-2.77259,-2.77259,-2.77259,-2.77259,-2.77259,-2.77259,-2.77259,-2.77259,-2.77259,-2.77259,-2.77259,-2.77259,-3.73767,-3.73767,-3.73767,-1.54045,-2.77259,-2.77259,-2.77259,-2.77259,-2.77259,-2.77259,-2.77259,-2.77259,-2.77259,-2.77259,-2.77259,-2.77259,-15.0579,-10.2137,-12.7553,-1.17988,-3.91202,-3.91202,-3.91202,-0.653926,-6.29157,-6.29157,-6.29157,-0.798508,-2.77259,-2.77259,-2.77259,-2.77259,-2.77259,-2.77259,-2.77259,-2.77259,-1.23787,-4.60517,-4.60517,-4.60517,-2.77259,-2.77259,-2.77259,-2.77259,-2.77259,-2.77259,-2.77259,-2.77259,-2.77259,-2.77259,-2.77259,-2.77259,-2.77259,-2.77259,-2.77259,-2.77259,-2.77259,-2.77259,-2.77259,-2.77259,-2.77259,-2.77259,-2.77259,-2.77259,-2.77259,-2.77259,-2.77259,-2.77259,-1.28785,-4.06044,-4.06044,-4.06044,-2.77259,-2.77259,-2.77259,-2.77259,-2.77259,-2.77259,-2.77259,-2.77259,-4.57471,-4.57471,-4.57471,-4.57471,-1.14763,-15.2321,-9.5485,-11.7981,-1.09861,-4.09434,-4.09434,-4.09434,-2.77259,-2.77259,-2.77259,-2.77259,-2.77259,-2.77259,-2.77259,-2.77259,-4.60517,-1.7148,-4.60517,-4.60517,-2.77259,-2.77259,-2.77259,-2.77259,-2.77259,-2.77259,-2.77259,-2.77259,-2.77259,-2.77259,-2.77259,-2.77259,-2.77259,-2.77259,-2.77259,-2.77259,-2.77259,-2.77259,-2.77259,-2.77259,-2.77259,-2.77259,-2.77259,-2.77259,-2.77259,-2.77259,-2.77259,-2.77259,-4.06044,-2.26868,-4.06044,-4.06044,-2.77259,-2.77259,-2.77259,-2.77259,-2.77259,-2.77259,-2.77259,-2.77259,-4.57471,-4.57471,-4.57471,-4.57471,-15.2321,-1.57723,-15.2321,-15.2321,-4.09434,-4.09434,-4.09434,-4.09434,-2.77259,-2.77259,-2.77259,-2.77259,-2.77259,-2.77259,-2.77259,-2.77259,-4.60517,-4.60517,-1.38629,-4.60517,-2.77259,-2.77259,-2.77259,-2.77259,-2.77259,-2.77259,-2.77259,-2.77259,-2.77259,-2.77259,-2.77259,-2.77259,-2.77259,-2.77259,-2.77259,-2.77259,-2.77259,-2.77259,-2.77259,-2.77259,-2.77259,-2.77259,-2.77259,-2.77259,-2.77259,-2.77259,-2.77259,-2.77259,-4.06044,-4.06044,-1.75786,-4.06044,-2.77259,-2.77259,-2.77259,-2.77259,-2.77259,-2.77259,-2.77259,-2.77259,-4.57471,-4.57471,-0.963793,-4.57471,-10.0616,-15.2321,-1.34359,-12.0132,-4.09434,-4.09434,-4.09434,-4.09434,-2.77259,-2.77259,-2.77259,-2.77259,-2.77259,-2.77259,-2.77259,-2.77259,-4.60517,-4.60517,-4.60517,-1.83258,-2.77259,-2.77259,-2.77259,-2.77259,-2.77259,-2.77259,-2.77259,-2.77259,-2.77259,-2.77259,-2.77259,-2.77259,-2.77259,-2.77259,-2.77259,-2.77259,-2.77259,-2.77259,-2.77259,-2.77259,-2.77259,-2.77259,-2.77259,-2.77259,-2.77259,-2.77259,-2.77259,-2.77259,-4.06044,-4.06044,-4.06044,-1.42139,-2.77259,-2.77259,-2.77259,-2.77259,-2.77259,-2.77259,-2.77259,-2.77259,-4.57471,-4.57471,-4.57471,-0.74607,-11.3609,-15.2321,-13.2862,-1.53705,-4.09434,-4.09434,-4.09434,-0.836248,-2.77259,-2.77259,-2.77259,-2.77259,-2.77259,-2.77259,-2.77259,-2.77259,-2.77259,-2.77259,-2.77259,-2.77259,-1.75786,-5.31321,-5.31321,-5.31321,-2.77259,-2.77259,-2.77259,-2.77259,-2.77259,-2.77259,-2.77259,-2.77259,-2.77259,-2.77259,-2.77259,-2.77259,-1.25139,-6.9976,-6.9976,-6.9976,-2.77259,-2.77259,-2.77259,-2.77259,-2.77259,-2.77259,-2.77259,-2.77259,-2.77259,-2.77259,-2.77259,-2.77259,-2.77259,-2.77259,-2.77259,-2.77259,-2.77259,-2.77259,-2.77259,-2.77259,-6.34036,-6.34036,-6.34036,-6.34036,-1.33123,-3.97029,-3.97029,-3.97029,-1.32361,-12.3675,-15.4585,-12.2004,-2.77259,-2.77259,-2.77259,-2.77259,-2.77259,-2.77259,-2.77259,-2.77259,-2.77259,-2.77259,-2.77259,-2.77259,-5.31321,-1.23567,-5.31321,-5.31321,-2.77259,-2.77259,-2.77259,-2.77259,-2.77259,-2.77259,-2.77259,-2.77259,-2.77259,-2.77259,-2.77259,-2.77259,-6.9976,-1.37358,-6.9976,-6.9976,-2.77259,-2.77259,-2.77259,-2.77259,-2.77259,-2.77259,-2.77259,-2.77259,-2.77259,-2.77259,-2.77259,-2.77259,-2.77259,-2.77259,-2.77259,-2.77259,-2.77259,-2.77259,-2.77259,-2.77259,-6.34036,-0.400188,-6.34036,-6.34036,-3.97029,-3.97029,-3.97029,-3.97029,-11.795,-1.25107,-15.4585,-10.0161,-2.77259,-2.77259,-2.77259,-2.77259,-2.77259,-2.77259,-2.77259,-2.77259,-2.77259,-2.77259,-2.77259,-2.77259,-5.31321,-5.31321,-1.10851,-5.31321,-2.77259,-2.77259,-2.77259,-2.77259,-2.77259,-2.77259,-2.77259,-2.77259,-2.77259,-2.77259,-2.77259,-2.77259,-6.9976,-6.9976,-1.34511,-6.9976,-2.77259,-2.77259,-2.77259,-2.77259,-2.77259,-2.77259,-2.77259,-2.77259,-2.77259,-2.77259,-2.77259,-2.77259,-2.77259,-2.77259,-2.77259,-2.77259,-2.77259,-2.77259,-2.77259,-2.77259,-6.34036,-6.34036,-6.34036,-6.34036,-3.97029,-3.97029,-3.97029,-3.97029,-15.4585,-15.4585,-1.33943,-15.4585,-2.77259,-2.77259,-2.77259,-2.77259,-2.77259,-2.77259,-2.77259,-2.77259,-2.77259,-2.77259,-2.77259,-2.77259,-5.31321,-5.31321,-5.31321,-1.91201,-2.77259,-2.77259,-2.77259,-2.77259,-2.77259,-2.77259,-2.77259,-2.77259,-2.77259,-2.77259,-2.77259,-2.77259,-6.9976,-6.9976,-6.9976,-1.66488,-2.77259,-2.77259,-2.77259,-2.77259,-2.77259,-2.77259,-2.77259,-2.77259,-2.77259,-2.77259,-2.77259,-2.77259,-2.77259,-2.77259,-2.77259,-2.77259,-2.77259,-2.77259,-2.77259,-2.77259,-6.34036,-6.34036,-6.34036,-1.18707,-3.97029,-3.97029,-3.97029,-0.751416,-12.8195,-10.1114,-15.4585,-1.68453,-2.77259,-2.77259,-2.77259,-2.77259,-2.77259,-2.77259,-2.77259,-2.77259,-2.77259,-2.77259,-2.77259,-2.77259,-2.77259,-2.77259,-2.77259,-2.77259,-2.77259,-2.77259,-2.77259,-2.77259,-2.77259,-2.77259,-2.77259,-2.77259,-2.77259,-2.77259,-2.77259,-2.77259,-2.77259,-2.77259,-2.77259,-2.77259,-2.77259,-2.77259,-2.77259,-2.77259,-2.77259,-2.77259,-2.77259,-2.77259,-2.77259,-2.77259,-2.77259,-2.77259,-2.77259,-2.77259,-2.77259,-2.77259,-2.77259,-2.77259,-2.77259,-2.77259,-2.83321,-2.83321,-2.83321,-2.83321,-2.83321,-2.83321,-2.83321,-2.83321,-2.77259,-2.77259,-2.77259,-2.77259,-1.56424,-13.3162,-10.5789,-15.5134,-2.77259,-2.77259,-2.77259,-2.77259,-2.77259,-2.77259,-2.77259,-2.77259,-2.77259,-2.77259,-2.77259,-2.77259,-2.77259,-2.77259,-2.77259,-2.77259,-2.77259,-2.77259,-2.77259,-2.77259,-2.77259,-2.77259,-2.77259,-2.77259,-2.77259,-2.77259,-2.77259,-2.77259,-2.77259,-2.77259,-2.77259,-2.77259,-2.77259,-2.77259,-2.77259,-2.77259,-2.77259,-2.77259,-2.77259,-2.77259,-2.77259,-2.77259,-2.77259,-2.77259,-2.77259,-2.77259,-2.77259,-2.77259,-2.83321,-2.14007,-2.83321,-2.83321,-2.83321,-2.83321,-2.83321,-2.83321,-2.77259,-2.77259,-2.77259,-2.77259,-12.1812,-1.43815,-12.7408,-15.5134,-2.77259,-2.77259,-2.77259,-2.77259,-2.77259,-2.77259,-2.77259,-2.77259,-2.77259,-2.77259,-2.77259,-2.77259,-2.77259,-2.77259,-2.77259,-2.77259,-2.77259,-2.77259,-2.77259,-2.77259,-2.77259,-2.77259,-2.77259,-2.77259,-2.77259,-2.77259,-2.77259,-2.77259,-2.77259,-2.77259,-2.77259,-2.77259,-2.77259,-2.77259,-2.77259,-2.77259,-2.77259,-2.77259,-2.77259,-2.77259,-2.77259,-2.77259,-2.77259,-2.77259,-2.77259,-2.77259,-2.77259,-2.77259,-2.83321,-2.83321,-2.83321,-2.83321,-2.83321,-2.83321,-2.14007,-2.83321,-2.77259,-2.77259,-2.77259,-2.77259,-10.4197,-13.1155,-1.46553,-15.5134,-2.77259,-2.77259,-2.77259,-2.77259,-2.77259,-2.77259,-2.77259,-2.77259,-2.77259,-2.77259,-2.77259,-2.77259,-2.77259,-2.77259,-2.77259,-2.77259,-2.77259,-2.77259,-2.77259,-2.77259,-2.77259,-2.77259,-2.77259,-2.77259,-2.77259,-2.77259,-2.77259,-2.77259,-2.77259,-2.77259,-2.77259,-2.77259,-2.77259,-2.77259,-2.77259,-2.77259,-2.77259,-2.77259,-2.77259,-2.77259,-2.77259,-2.77259,-2.77259,-2.77259,-2.77259,-2.77259,-2.77259,-2.77259,-2.83321,-2.83321,-2.83321,-2.83321,-2.83321,-2.83321,-2.83321,-2.83321,-2.77259,-2.77259,-2.77259,-2.77259,-15.5134,-15.5134,-15.5134,-1.13208,
